59
231
107

128
218
69

58
239
124

36
36
133

117
178
186

79
161
168

118
183
180

116
184
186

80
171
164

79
156
175

40
26
145

126
216
72

127
221
74

59
232
122

39
35
139

126
203
74

44
31
141

12
229
99

33
40
127

58
242
115

58
242
119

13
235
88

40
40
135

58
238
118

129
219
56

12
250
94

58
238
118

117
176
185

59
238
118

40
40
135

80
167
168

128
217
67

12
239
96

40
38
142

128
216
66

117
179
178

119
180
180

59
232
113

39
26
139

126
211
69

12
237
101

81
158
168

80
177
160

116
184
191

12
236
110

13
244
116

81
152
174

12
239
111

13
240
116

81
154
172

117
179
197

126
214
81

117
179
194

81
173
165

59
231
107

128
218
69

58
239
124

36
36
133

117
178
186

79
161
168

118
183
180

116
184
186

80
171
164

79
156
175

40
26
145

126
216
72

127
221
74

59
232
122

39
35
139

126
203
74

44
31
141

12
229
99

33
40
127

58
242
115

58
242
119

13
235
88

40
40
135

58
238
118

129
219
56

12
250
94

58
238
118

117
176
185

59
238
118

40
40
135

80
167
168

128
217
67

12
239
96

40
38
142

128
216
66

117
179
178

119
180
180

59
232
113

39
26
139

126
211
69

12
237
101

81
158
168

80
177
160

116
184
191

12
236
110

13
244
116

81
152
174

12
239
111

13
240
116

81
154
172

117
179
197

126
214
81

117
179
194

81
173
165

59
231
107

128
218
69

58
239
124

36
36
133

117
178
186

79
161
168

118
183
180

116
184
186

80
171
164

79
156
175

40
26
145

126
216
72

127
221
74

59
232
122

39
35
139

126
203
74

44
31
141

12
229
99

33
40
127

58
242
115

58
242
119

13
235
88

40
40
135

58
238
118

129
219
56

12
250
94

58
238
118

117
176
185

59
238
118

40
40
135

80
167
168

128
217
67

12
239
96

40
38
142

128
216
66

117
179
178

119
180
180

59
232
113

39
26
139

126
211
69

12
237
101

81
158
168

80
177
160

116
184
191

12
236
110

13
244
116

81
152
174

12
239
111

13
240
116

81
154
172

117
179
197

126
214
81

117
179
194

81
173
165

