99
84
170

19
154
94

115
79
175

140
123
138

89
163
64

159
88
139

83
164
64

89
162
64

155
88
138

165
88
139

152
123
135

21
153
93

20
156
91

113
80
174

145
122
137

25
151
94

147
122
136

66
149
160

134
123
139

107
82
173

110
80
174

58
147
158

141
121
138

109
81
173

15
148
100

59
151
160

109
81
173

91
161
66

109
81
173

141
121
138

159
87
139

19
153
95

62
150
160

148
121
138

19
152
96

85
162
66

81
167
62

105
83
172

146
124
135

21
151
95

66
150
162

159
90
136

151
88
138

91
163
62

72
152
164

76
153
166

165
90
136

73
152
165

77
152
167

163
90
136

96
163
62

26
155
89

93
164
62

156
88
137

99
84
170

19
154
94

115
79
175

140
123
138

89
163
64

159
88
139

83
164
64

89
162
64

155
88
138

165
88
139

152
123
135

21
153
93

20
156
91

113
80
174

145
122
137

25
151
94

147
122
136

66
149
160

134
123
139

107
82
173

110
80
174

58
147
158

141
121
138

109
81
173

15
148
100

59
151
160

109
81
173

91
161
66

109
81
173

141
121
138

159
87
139

19
153
95

62
150
160

148
121
138

19
152
96

85
162
66

81
167
62

105
83
172

146
124
135

21
151
95

66
150
162

159
90
136

151
88
138

91
163
62

72
152
164

76
153
166

165
90
136

73
152
165

77
152
167

163
90
136

96
163
62

26
155
89

93
164
62

156
88
137

99
84
170

19
154
94

115
79
175

140
123
138

89
163
64

159
88
139

83
164
64

89
162
64

155
88
138

165
88
139

152
123
135

21
153
93

20
156
91

113
80
174

145
122
137

25
151
94

147
122
136

66
149
160

134
123
139

107
82
173

110
80
174

58
147
158

141
121
138

109
81
173

15
148
100

59
151
160

109
81
173

91
161
66

109
81
173

141
121
138

159
87
139

19
153
95

62
150
160

148
121
138

19
152
96

85
162
66

81
167
62

105
83
172

146
124
135

21
151
95

66
150
162

159
90
136

151
88
138

91
163
62

72
152
164

76
153
166

165
90
136

73
152
165

77
152
167

163
90
136

96
163
62

26
155
89

93
164
62

156
88
137

